50
36 5
-19 -19
13 -25
-24 0
-16 -26
26 -11
11 15
-6 -11
4 -18
-30 21
-14 2
22 -25
-17 -11
-6 -12
-1 -15
-5 -6
0 -12
5 3
2 -29
-24 -22
-7 -10
12 -19
2 -7
-10 24
25 18
0 -22
-26 3
17 4
-12 -4
11 -4
12 7
-26 26
-10 19
-29 -14
0 -11
-13 7
-22 9
-21 -18
-10 18
24 28
-13 5
12 24
46 9
26 0
6 -5
-14 1
-28 -20
16 22
-5 -6
18 16
22 -16
-4 29
16 1
20 -7
-29 24
-4 -16
-18 -12
0 -4
28 -29
16 -26
12 6
30 -12
24 6
12 18
23 -28
5 -5
-15 -23
19 26
-7 -5
-9 0
-10 2
26 -13
1 -24
-15 28
-28 0
21 9
-21 -7
26 -24
21 17
-14 -10
2 -20
22 24
4 -2
-20 -19
-1 -14
4 13
-27 -23
8 26
22 17
-13 11
13 -17
5 14
-6 -29
1 -23
17 -3
-26 13
-7 27
26 27
59 12
26 11
26 7
-26 -12
4 24
-24 -12
1 18
5 -15
-15 6
9 -29
-3 -29
1 -6
-27 28
-15 -3
30 -27
23 5
17 7
17 -25
-25 -20
23 -12
-3 5
-11 22
-30 19
5 -26
22 -12
-5 11
-10 8
15 12
22 -13
-15 22
10 0
-13 12
-29 -17
-12 5
17 0
7 -30
-11 -27
-19 30
3 -30
17 -17
5 -23
29 21
17 -5
20 21
8 23
-16 6
-24 -16
14 4
17 11
10 -25
-25 -29
-28 25
21 13
17 14
-24 -2
-27 -17
21 -15
-13 20
-4 -26
15 24
-22 -12
15 -24
10 9
28 -15
-5 -8
1 -30
-22 -9
-30 -2
-11 6
19 12
23 -29
-21 12
47 5
-4 -14
-28 -23
-18 -22
7 5
13 11
17 -20
-5 8
-16 -21
17 24
-25 3
-1 15
7 -5
16 21
-11 19
-30 12
17 -2
-22 -11
27 -6
25 -9
10 14
-21 -16
-14 15
-12 -17
-24 2
-21 -17
-6 27
-28 -7
-21 -4
-30 26
5 23
2 7
-19 -12
-13 -5
27 -29
-20 -30
26 13
-25 -11
17 -24
-9 17
19 18
-29 14
-10 8
-5 -11
6 -28
14 -13
2 4
28 -14
17 7
23 -25
-26 -16
-28 -8
11 -3
59 9
22 -9
24 6
9 -4
-4 22
1 18
12 6
11 -11
-25 14
-29 -21
-1 -10
-2 -29
16 23
-29 21
-1 16
-4 -2
16 -6
4 -29
20 8
-19 -6
-15 -24
-26 16
0 -17
2 -24
26 12
27 -22
28 9
-11 14
-26 5
-9 -2
28 15
26 1
7 3
-6 3
8 -8
26 7
2 27
8 -15
4 22
-20 -1
2 -29
-4 6
2 3
-26 15
-26 -30
-13 -18
-18 -15
11 -25
-29 3
18 -13
-10 -5
-1 1
30 -22
23 -13
1 27
7 -10
-8 13
26 -6
-11 -3
6 28
-25 -21
-4 -4
-4 23
10 -3
1 -28
-24 15
23 22
-22 -3
-2 -6
41 8
-12 -19
30 -10
12 26
-18 15
-14 10
18 -3
16 3
-25 28
19 -28
-16 20
30 1
-29 9
-29 -2
-9 3
-21 -10
-10 23
-17 10
-11 -8
-30 18
0 20
21 14
-24 13
21 -18
25 -9
30 -27
2 -11
0 26
7 -7
17 -14
-24 -27
-23 25
30 5
-3 -26
9 -30
4 4
24 5
4 -23
-3 14
16 -10
-26 9
-20 4
11 11
-21 15
19 -23
2 -15
22 17
-26 19
10 -21
2 20
45 4
-4 -24
3 -10
11 -11
16 -15
-16 20
-7 -7
-28 6
-24 -26
-25 -7
-3 5
13 -16
-17 -17
-18 7
19 -5
5 -23
-13 18
17 -13
-24 -22
8 17
2 27
16 -16
-3 18
-11 10
13 3
-15 -22
-20 -3
14 23
-12 29
6 -16
-13 -11
8 28
-27 -2
4 -12
30 -8
-14 -9
1 29
21 4
-24 -19
-21 6
-20 -16
-13 -25
21 29
-23 14
7 7
-19 -24
-29 -19
-25 -27
18 23
-25 18
36 4
5 24
23 22
27 -10
14 -13
-23 6
13 -28
22 22
-30 26
-21 -1
-11 -30
-13 5
-14 -15
5 20
18 -9
21 3
27 -17
28 -24
-18 16
-26 15
2 -7
-28 -29
7 -8
-14 -7
-19 1
4 -30
23 28
5 -18
26 20
28 -27
14 0
6 3
3 12
13 -14
-15 -29
22 -2
-4 10
7 21
17 -20
25 -1
-1 -20
68 11
-5 -4
-20 -23
-3 24
23 18
12 -22
26 -12
8 -8
7 -29
-24 -18
-1 -21
27 -1
-27 -20
-26 17
21 -3
26 27
29 8
17 26
-18 29
22 -1
2 2
16 7
-10 30
24 -25
20 3
-12 -22
-18 9
7 18
-12 0
20 -11
-23 6
-25 16
28 2
-14 0
-22 18
22 28
10 -21
26 14
3 -7
-17 -16
1 24
22 22
0 -19
-12 17
14 21
-15 20
13 -9
6 -10
29 18
20 -27
22 17
-26 19
1 -4
-16 -4
13 -17
14 -22
21 6
18 -2
-20 3
-21 -20
-9 21
11 24
-19 24
-23 -10
17 25
-4 -24
-1 2
3 24
-24 -26
-26 -25
4 2
-24 13
14 -24
14 -25
16 -25
27 23
23 26
-25 23
-9 11
-20 -18
77 12
20 6
-28 17
26 17
-5 6
-26 1
21 -9
-26 4
19 9
-17 -14
6 15
4 7
-2 -7
18 4
-21 -19
5 15
4 -28
26 -22
21 -21
22 -4
23 -23
9 -7
23 23
0 -22
28 -18
29 -16
16 10
-14 28
12 -28
-14 -24
13 2
-18 -24
15 -4
-25 -24
21 -11
8 9
0 -26
-14 -13
14 6
9 30
17 -14
-7 -9
-14 -1
18 -8
-4 2
-26 -18
-4 19
-29 22
24 -25
21 -19
2 10
9 29
-7 -2
-26 -28
25 23
-20 6
-16 16
8 -21
-29 15
-28 1
-29 4
-15 15
16 -20
28 -20
-16 -25
0 16
-9 -11
13 -15
21 5
-6 -10
9 0
-11 -26
-24 24
14 4
-9 -18
7 3
13 26
21 7
23 30
27 -10
-15 -21
-2 18
3 -26
7 4
24 -28
-8 21
-26 -27
9 -13
1 7
-2 5
48 8
2 -8
21 18
-24 -7
-7 24
-6 -23
-16 2
-23 17
6 4
-3 29
-17 2
-14 -24
1 4
-19 -30
25 -16
-27 5
0 -9
12 28
5 2
-23 -25
-25 7
20 -20
5 -26
-5 13
18 -2
4 12
5 -20
29 7
22 14
-22 -2
-16 10
15 29
-30 -19
-15 -4
-22 29
11 -13
9 15
-28 15
-19 29
-11 2
-16 -18
7 7
0 -24
11 2
25 30
-26 16
25 13
10 -7
21 11
-22 -8
-21 17
2 16
5 19
7 5
1 -23
-15 -24
-7 -16
74 8
-23 -25
-10 -9
-14 -28
-13 3
22 25
-25 9
-3 -24
11 24
2 -8
-23 2
-10 1
21 -1
-6 11
-28 -5
30 30
4 -10
23 -20
-5 -18
-29 -22
0 0
1 -2
3 24
19 23
-5 9
-3 14
25 26
-14 28
-22 -1
25 -26
28 11
14 23
14 18
-20 14
2 -14
-1 6
-2 29
0 11
-18 29
-17 -9
4 11
-18 20
-3 26
-9 -1
2 -26
4 13
-18 -9
1 -11
12 -14
-15 27
16 13
-3 11
8 10
-19 -21
18 7
-2 14
12 -21
-12 1
28 30
13 13
-26 -17
22 30
6 7
-29 -24
-7 -13
29 24
21 25
27 -25
-22 -16
-1 10
-30 7
-16 30
6 -22
-20 18
-15 -7
21 -26
4 24
-28 -4
-10 -7
-16 10
-13 30
27 -6
4 26
31 5
16 -26
-7 -11
-5 -8
12 -6
-18 -1
3 -4
-19 -26
24 -15
-18 19
27 8
25 26
14 20
-19 -10
-8 5
6 -6
-23 3
-3 19
14 16
-20 27
-9 -20
-10 -28
8 -18
18 4
-18 -13
-23 2
-6 26
28 1
14 -14
18 10
-13 -19
-6 30
-7 24
22 -5
29 -11
-20 17
23 16
32 5
-5 17
5 -19
-27 5
-3 -30
5 -27
18 7
22 13
-2 -11
-29 13
10 -23
15 -27
-29 -19
28 4
5 10
22 -10
15 -24
-11 8
-9 -20
-17 -13
13 22
-25 22
-21 21
-3 -17
20 -18
-1 22
-4 -25
28 17
-6 0
17 -10
-15 28
16 -18
-23 28
30 -17
-24 10
15 17
18 -5
-21 -30
86 12
-13 7
-1 4
-15 17
-15 -20
1 12
-22 29
-27 -24
-12 23
6 -4
6 5
-4 -16
21 -25
14 -11
14 23
17 1
28 -4
9 9
-5 -24
24 -1
-26 -13
-9 8
23 26
-5 6
24 19
17 -16
-26 25
-1 6
-28 -3
-21 7
22 18
-5 -5
25 14
-24 -24
-29 -26
0 -14
-13 -20
-21 26
-30 16
26 22
-26 -6
7 -15
-3 -17
-16 -10
-3 10
29 -15
14 0
18 7
-20 -18
4 26
11 -2
-21 -12
6 -7
19 5
-23 9
-9 26
20 6
23 -23
17 -11
-30 13
-22 -14
-8 28
25 19
-29 -30
29 -23
-22 -17
25 3
-4 29
25 -27
-14 -27
-12 -15
-30 19
26 24
-20 -3
30 14
-15 -18
4 -10
12 6
-16 -15
-20 -9
-6 -6
-7 13
-12 -24
11 -12
20 15
9 0
9 13
11 20
-15 -19
4 -15
-2 19
5 -6
26 20
1 24
27 28
8 -22
-4 24
-10 27
-14 20
84 16
-16 19
-20 10
-18 -3
-30 1
6 21
-9 -22
-19 -4
-4 27
-14 -13
1 18
-2 -14
-14 5
-25 1
-21 -24
30 1
-14 -8
24 12
20 14
-17 23
10 1
2 15
-11 12
20 -14
24 -3
-4 -6
-13 13
-7 -29
30 5
9 -23
5 -2
-16 -18
-7 -22
1 2
-26 -23
-21 8
17 18
-16 5
6 20
-13 24
-21 -29
0 -1
18 -16
-2 -4
20 -28
22 27
12 1
11 29
17 14
6 -13
-17 -26
1 -17
9 -27
-5 -4
13 2
-6 19
29 30
2 18
13 -14
17 2
18 29
17 -4
11 27
-8 -18
8 19
-23 29
-14 -14
7 22
30 -25
-21 24
8 -8
15 -25
7 9
-7 29
20 20
24 14
-3 7
-8 9
2 -10
8 -6
-17 15
-3 -10
28 -2
-16 -25
-18 5
28 12
-16 -4
11 -22
24 -22
16 24
-9 -8
14 26
16 -20
-24 28
18 17
-22 12
2 -8
1 -12
-30 -14
-23 -8
10 11
85 11
6 -15
29 -10
27 -28
12 24
-17 24
30 -23
30 6
7 12
-16 -14
23 -11
14 15
30 -21
1 -14
-17 -28
17 -7
-14 24
-13 13
-18 -10
11 -16
15 -7
-25 7
-9 -15
-22 25
-29 -23
5 -19
-7 1
-15 -18
28 25
17 -22
3 4
-30 -29
-21 15
11 18
-19 -26
7 15
-27 -28
29 1
-3 -30
14 4
-11 -10
-30 17
-16 -7
-13 -17
-30 -17
-18 9
10 -25
22 -2
-19 -11
5 28
-10 7
20 26
8 -7
27 22
20 3
15 3
27 -5
22 -10
29 -11
-1 -3
13 13
-8 -19
-19 -22
0 13
-2 28
22 -30
-2 0
11 13
18 0
5 -9
18 -13
2 26
5 6
6 4
21 -1
22 7
24 20
-17 -19
18 2
-20 -14
19 9
9 -24
26 -25
-28 4
-5 20
-15 15
-22 -19
-3 -3
-14 -5
11 16
6 14
-17 25
-10 15
26 -20
17 -28
-12 -15
-12 18
72 10
-23 13
-27 11
1 -11
-21 22
-16 -3
8 -11
-11 -29
-5 19
20 -25
2 -15
7 -13
-27 -21
-6 -5
-2 -23
-26 -21
16 15
-7 -10
5 -4
-26 24
-17 -26
8 -3
-6 1
27 0
3 13
25 24
-15 29
1 -9
-26 27
18 -8
14 -9
-24 16
-15 -24
11 1
30 -10
6 27
-20 -22
-5 -11
28 -25
-26 5
25 5
-28 21
-3 17
-7 28
-14 16
9 -28
-29 27
-27 -18
25 6
-5 6
-9 -1
-16 21
1 6
-10 -18
3 -28
30 3
-24 11
-27 -19
-20 30
-20 -12
-21 -27
8 -20
29 26
4 8
-1 9
-17 -10
-5 5
24 -19
16 27
7 2
-21 9
6 8
0 -12
11 -2
15 2
-21 2
17 19
-3 0
12 16
-10 29
13 -24
14 -15
-26 4
77 8
-22 2
24 -21
9 -19
-17 -20
-22 -7
26 -20
27 26
19 17
-4 21
29 1
7 -14
-12 14
-28 -16
22 -1
-29 2
-30 6
28 19
24 0
24 -23
27 28
3 -15
-2 18
-30 10
30 6
20 7
14 -28
-12 16
-16 12
-5 12
1 16
-21 5
-7 15
-16 1
11 -24
-7 9
25 24
-27 5
20 -22
16 8
20 28
17 -24
-17 17
15 10
-26 -20
9 -21
-6 22
19 -26
-6 29
-18 17
-6 9
7 4
-29 4
-22 -26
-12 -29
-2 2
24 -5
-5 29
-9 -12
6 4
-29 28
30 4
4 -21
-28 13
-12 -3
-19 7
25 16
-28 14
21 -5
21 -18
4 15
21 -20
-22 -20
-18 19
-1 6
2 -30
22 21
19 18
16 -27
-6 -26
26 4
6 -19
20 -1
-2 19
30 -12
27 23
83 16
9 26
9 1
8 -26
29 -27
20 23
-26 -29
27 -25
25 25
-3 24
14 21
-21 9
30 -27
-19 -15
26 18
25 29
1 8
-15 24
-18 9
-19 -7
28 9
-18 15
-23 26
-28 27
-13 -22
16 15
18 -15
17 -12
11 7
18 -18
30 13
6 -4
14 28
12 16
6 -11
21 11
23 -27
-28 -17
-28 -12
-23 -26
1 -19
-2 29
-30 6
0 4
-11 -1
-26 -28
-2 -12
-12 -13
14 -14
2 28
-17 5
17 11
2 6
-17 18
-11 -17
27 -18
6 8
6 -20
-14 22
-19 -8
-16 2
-3 16
24 -9
-21 20
22 -14
13 -13
9 12
0 -27
-10 -2
17 17
-13 11
-16 26
-18 -27
22 29
16 2
-17 -4
1 -11
1 9
24 28
25 -14
-28 -21
-21 -12
-9 17
-18 -1
4 29
-25 -2
28 0
30 -28
16 -21
-13 15
-20 6
17 20
-23 16
-5 -25
-15 0
0 -4
0 13
5 13
16 -17
-28 -23
62 6
11 21
13 -6
0 -16
-21 0
6 14
29 -25
26 26
14 -22
-8 -29
30 9
18 22
-5 5
9 -14
29 -11
9 -9
-23 0
-10 3
16 14
29 23
-28 -2
23 1
-16 15
8 24
7 -28
23 15
26 -4
-10 28
26 27
-2 12
-11 24
-3 4
5 16
2 -24
-21 -26
-22 -8
26 -11
18 0
-25 -2
-19 -21
10 20
-19 -8
5 13
-5 23
22 4
27 8
0 0
-6 17
-18 13
15 10
-13 -28
-8 -10
6 13
15 -13
29 -2
24 1
-11 25
-10 29
-9 -25
11 24
-30 13
-2 30
22 16
-28 -15
9 -8
26 18
13 20
25 19
-10 18
38 4
-30 -15
-29 -29
-29 14
-4 5
-19 -25
-18 -18
25 19
28 9
27 10
-15 -7
26 18
-3 17
16 -10
-26 30
15 -5
5 8
14 6
-20 8
10 26
-27 1
3 -10
-26 -18
17 -29
20 -7
-20 17
-29 13
-8 12
6 -23
19 25
3 -26
23 12
7 -5
-13 -28
26 -28
-22 -29
-23 6
18 2
-3 1
24 -17
17 28
13 2
18 -2
45 8
24 -27
-12 24
-24 -22
21 -20
12 15
10 0
15 11
-30 -18
-7 19
-6 -23
-12 0
28 -16
-28 22
-4 -7
-18 12
3 -4
28 -15
1 26
-4 10
-5 14
-5 11
26 29
-17 -4
-5 -4
-29 7
14 -20
17 -22
29 -3
2 -7
23 -10
2 25
24 26
18 -23
0 2
-16 14
-13 -27
2 -29
27 -17
-1 -18
-28 -19
-21 -20
-28 -10
18 8
-13 14
10 7
22 29
28 -11
2 -23
3 6
-24 -16
-13 -22
-25 1
25 -25
59 6
-3 4
-9 -17
0 -12
-3 19
29 -23
18 29
11 -10
-25 23
7 29
-7 13
-29 -3
-8 -26
21 -12
-5 -18
-3 -17
-6 6
25 -24
23 -18
0 -14
0 29
11 -6
26 10
5 19
10 0
23 -8
14 -13
-29 -22
0 -30
-5 6
-5 24
17 6
7 18
-2 -5
17 10
21 -18
6 20
-21 10
-28 -14
-7 19
-5 7
16 -29
0 15
5 -3
-17 1
20 -11
-18 -17
18 -10
28 -23
8 -24
-8 8
-21 19
4 4
29 -25
-10 0
11 27
5 1
25 17
-12 0
21 -17
29 -14
15 -13
-20 -26
2 -28
7 20
-23 -25
83 11
-17 26
19 6
-20 -18
17 -20
-17 -15
3 15
14 -24
19 -24
12 -5
-15 -27
28 9
25 13
-21 15
1 -26
-3 -2
18 -25
13 7
10 -23
26 -25
-16 20
-17 5
15 -3
-26 -23
-11 28
27 -16
19 20
24 -28
-13 16
-23 8
-27 -8
-21 30
-5 29
-20 -23
-12 25
22 27
26 -10
-1 13
-4 -9
-24 -15
29 -16
-27 -12
24 -6
27 8
-28 4
11 -17
18 6
25 -5
15 -13
17 -12
30 -30
24 10
28 12
-6 15
23 30
27 -2
18 -16
19 23
-5 19
8 0
20 30
17 26
30 22
8 -10
-15 -6
-8 -4
20 -23
14 6
22 -1
1 17
-1 -7
-4 4
-21 -9
-19 7
-11 25
2 4
28 21
-30 17
-14 -7
-19 23
-30 12
-21 24
-23 -16
-24 -5
-4 -19
14 -14
-10 -23
-13 17
14 -27
30 1
-1 30
-1 12
2 -20
6 10
-7 24
31 5
-23 17
20 14
4 16
-13 10
6 -22
-18 9
26 -24
-11 16
-3 -3
-26 4
-14 -17
14 -16
-12 -17
2 17
9 -2
-20 28
5 -30
0 -4
1 -20
6 7
-29 -4
-13 -28
-9 16
26 29
21 7
-7 24
10 -12
-21 -14
27 -29
23 19
-25 -27
-14 20
18 -11
22 29
-13 -30
10 9
93 9
-22 -8
1 -4
9 -29
27 -29
-19 -9
-7 -27
20 10
-7 12
10 17
14 -4
-30 -18
-21 19
-14 -25
-10 -8
-5 -16
-25 5
6 -23
21 7
-20 2
16 22
26 24
18 17
-6 12
0 -1
22 -16
-30 28
-13 -2
18 18
-29 17
19 22
27 3
18 12
3 -30
27 -19
-4 7
1 18
6 13
21 25
14 14
29 -14
6 8
6 10
1 -19
22 -9
-4 -2
-12 21
4 24
14 10
23 13
-6 5
-24 16
-28 0
-25 -8
-11 -22
1 -30
-11 27
-22 25
24 19
-3 -3
-16 -17
21 15
-5 -22
3 2
15 -6
10 9
29 1
-27 14
0 -13
-13 -23
5 -14
-7 30
5 26
-1 -14
17 23
-9 -20
-26 2
17 12
24 24
-6 15
21 -24
2 28
-29 -29
27 19
-12 -25
22 30
-15 5
25 -30
16 -20
-4 -16
-25 -13
-27 -11
19 10
-26 4
7 20
21 -29
-17 -17
-22 23
-14 -24
-23 7
23 -12
19 8
21 -26
47 4
5 6
10 -10
-13 -9
-8 -3
-11 -3
0 -25
29 -2
-7 -19
23 -11
19 26
-16 4
-9 -22
0 -22
-24 -8
26 13
-23 -30
23 11
-17 -15
15 24
21 1
-21 -1
-6 -9
6 9
-30 18
-15 -12
14 -18
-12 13
2 -2
15 18
20 16
-11 26
12 -30
12 -17
21 8
-30 19
-6 -14
-16 8
30 -5
-29 16
5 21
-21 -19
30 24
-7 -6
-19 -6
12 -15
-27 12
17 6
2 -23
11 28
23 15
21 27
70 9
-29 -16
-9 -12
-27 -13
5 -15
-10 -11
-14 19
0 -5
19 19
-7 21
7 -5
-17 -8
-10 7
-11 23
-15 -9
0 20
13 -2
12 -16
27 -21
-30 -22
12 5
-26 15
-30 -29
-26 10
17 -15
17 -1
29 14
12 30
-27 -10
-16 -30
-2 -20
-18 -24
-30 6
27 -1
-30 27
2 15
-28 6
-14 -29
14 -17
21 -6
30 -19
15 -23
14 -29
-3 -3
11 29
18 27
20 -13
19 1
30 -4
13 -1
24 7
-26 -25
-3 15
14 -5
-2 -29
-26 -2
0 -10
-17 -1
-12 -14
-22 -5
-5 -22
-1 17
9 22
14 -22
0 22
-20 -14
16 -4
-1 25
15 -2
4 -10
-6 -4
-4 -12
7 -22
18 12
-3 -12
22 -20
-4 11
3 6
-9 -7
-29 16
37 3
-3 9
-5 -29
-18 -15
28 20
26 9
16 14
3 -1
7 -13
-24 3
-11 -27
-18 19
-18 -23
30 21
-29 -18
14 -17
-27 -22
14 -9
-4 -9
17 -13
5 -3
-14 -23
-25 -29
-5 16
-15 9
-5 -1
25 -21
-25 24
13 17
-27 22
22 10
8 -12
0 -16
-1 13
-1 20
18 10
6 -7
-1 -25
-23 19
-21 -25
24 -19
60 6
7 -11
7 22
-26 -27
16 -19
-17 13
26 -8
0 16
5 -4
5 28
-26 21
-19 -4
19 -18
7 -4
21 11
2 -19
-23 -22
25 7
6 -19
12 -24
30 -15
-7 6
-13 12
21 -9
9 -25
5 20
-11 -5
-12 0
24 24
-19 -26
-3 -12
13 -1
10 11
4 26
-8 4
-27 -27
11 2
5 14
0 0
-1 18
-12 -7
-25 -5
-28 -5
-19 -15
-15 -18
-28 6
-15 4
-29 2
13 -7
-19 5
30 19
-20 -13
-25 -26
-6 -28
1 18
-1 24
-2 7
-26 17
-10 0
1 1
21 26
-21 -1
-6 -22
18 23
-25 24
11 -9
-13 -4
95 13
-17 9
1 14
23 5
18 -12
11 5
-4 25
17 -14
8 2
7 17
-14 -12
-10 -3
27 -24
-5 -13
6 -19
-20 -2
14 29
29 -24
17 -29
18 -29
9 -3
-21 -30
-2 -29
-16 18
19 -8
0 -4
27 4
-23 9
-4 -19
17 -8
19 23
-25 -8
-7 11
7 1
13 1
-13 26
-15 30
-27 22
2 0
13 -13
8 18
6 16
5 -28
29 30
21 1
6 -4
-5 -14
29 8
10 9
-26 6
3 -11
2 22
-18 -11
-9 -22
24 19
12 3
-27 -21
14 -2
9 -6
-10 19
10 -14
-13 5
20 -7
-4 15
-22 -8
-1 -20
17 -3
29 -28
18 -13
23 -26
-13 -3
22 25
14 16
-6 -13
-23 -28
-19 -14
-21 8
17 17
-9 28
3 7
-11 19
13 -29
-9 9
-25 -21
-16 -15
-7 3
-9 0
3 5
-4 22
23 -24
27 19
-7 -17
14 -21
5 -8
-18 15
14 -13
-4 -1
4 10
17 7
-7 24
-1 -24
23 -7
-19 30
23 10
-25 -25
4 24
-18 0
22 22
-19 6
98 12
9 5
-8 -20
5 -9
-5 17
-17 14
23 5
15 -1
-19 -8
-12 1
-10 7
-19 -29
21 -22
27 4
-16 -14
-9 -9
-7 1
-24 17
28 -11
-14 -1
6 -8
-27 -21
13 14
-23 -1
-2 30
-28 18
-13 29
12 -27
-19 8
-20 -15
25 -29
19 -22
-11 -15
-23 -11
9 -16
11 -14
-5 -17
-20 -9
-24 26
29 29
21 -19
-2 5
-3 7
11 7
-13 -18
23 -27
30 -3
3 -13
-7 9
0 -13
-6 15
12 -23
21 12
-4 24
-30 -27
-15 14
8 14
-19 -17
3 -14
-14 1
30 -2
-3 10
6 -18
10 -26
5 -27
25 -9
4 -21
27 0
5 -26
12 21
-18 2
-28 2
-11 -21
-7 8
-6 11
-22 26
17 -9
-3 15
-4 -6
26 30
-28 14
17 27
11 -30
-24 29
27 -26
21 14
2 1
3 15
28 -27
-11 -28
9 -20
-25 5
15 8
-1 -16
-25 6
13 -3
5 -2
23 -30
-25 -26
30 26
-30 -7
22 -30
-4 12
-30 20
-8 -1
-4 -11
-16 -20
-19 -10
27 -12
0 12
19 -30
67 10
5 17
-30 -27
-3 -30
-22 -20
30 28
25 22
30 2
26 -30
0 -30
8 14
-8 -19
8 -16
-29 17
-2 -19
-4 -7
-29 -14
-30 25
1 15
24 -23
-9 -7
-7 -29
25 -13
7 -28
16 9
-24 -25
-17 -9
16 -6
22 -9
7 22
-20 -14
3 29
-11 0
26 15
5 4
-15 7
-15 3
0 -26
4 29
-30 -18
27 -14
20 -27
17 -27
-14 30
29 -21
-25 12
16 27
9 -25
16 -10
-23 27
-21 -14
-1 16
20 4
27 -29
20 -20
17 6
-10 3
20 -12
-12 -19
19 21
17 -16
-13 23
18 -25
7 -6
-22 19
-25 -3
-13 24
1 -23
24 -8
-4 -27
20 30
19 -16
-21 -27
-19 4
22 20
18 13
28 14
21 24
52 9
9 -29
17 6
15 -18
-12 25
2 -23
30 14
-9 8
18 27
-12 22
-27 -6
-4 -23
12 -20
-24 22
-12 3
15 -27
16 -17
4 -13
12 -19
-6 -18
-16 -23
18 20
-23 7
-26 -10
-10 -29
-26 12
-14 -16
8 -4
-13 -9
-9 -19
-11 20
-3 -27
-28 20
-23 10
28 -10
-25 -26
-19 -16
18 -4
-29 23
-29 24
17 -28
-12 -18
1 19
28 12
-23 19
-11 7
-17 4
-4 22
25 -21
-27 -12
-15 -25
-23 -20
23 -27
28 27
-2 17
19 22
-19 21
-29 -3
11 0
-4 -17
-30 -1
-8 -10
42 5
17 -10
-21 -15
-16 5
-29 -10
-27 21
-12 14
12 27
-26 25
2 8
24 22
18 14
9 0
-26 -30
-25 -30
-9 24
24 12
-8 18
-4 12
-27 10
-7 17
-20 17
-14 4
-1 5
-3 -21
25 -30
4 25
19 10
-13 9
20 -24
16 -23
22 -24
6 22
17 7
-7 -6
-7 -26
-16 -21
8 10
-7 -28
-27 24
-11 -2
5 17
10 4
-19 30
-21 9
-1 -1
15 23
-13 -29
92 9
25 -27
9 2
-22 -4
19 -2
-10 13
-11 -28
-25 15
-16 18
9 -8
-16 -27
-29 29
2 25
-7 -27
-18 -21
-18 -17
-19 24
7 13
23 20
-27 -11
-28 -13
0 23
-10 -9
-2 -26
-11 12
-3 7
-12 11
-11 -24
-16 -11
-12 -29
21 -24
16 -5
-12 24
18 -19
15 27
-18 -18
-30 15
5 -23
22 25
-22 18
2 4
10 -4
-9 -11
22 14
-23 -29
-9 -16
-25 27
-7 -3
22 24
9 23
-5 12
-8 29
2 10
21 24
-23 2
11 15
14 8
1 27
5 -3
-28 22
-12 30
-27 -5
12 -8
5 27
-15 -8
-5 0
-21 -30
3 16
-24 4
0 -29
-25 -13
16 -23
-7 5
-3 14
25 -10
6 -6
-6 24
-30 8
20 5
17 9
7 26
-26 17
18 10
-28 8
17 14
-13 20
-26 -7
18 8
-19 26
-27 -18
30 9
-25 22
7 -17
-13 -16
-27 19
8 -23
-8 15
15 -20
25 26
26 -21
27 23
6 -13
39 8
8 -9
-21 -20
-7 24
-26 -10
5 -29
-13 -16
-17 -27
11 1
-23 24
-7 27
25 -2
25 29
24 26
-20 -8
-18 20
7 2
25 8
15 -12
-18 10
28 28
3 -22
10 -11
-20 14
27 6
-2 6
-28 -14
-4 3
-28 11
9 -27
25 17
17 -28
-9 2
-29 -16
30 30
-8 26
-28 13
27 22
-15 21
-18 11
-8 -10
5 -19
-24 -6
15 4
16 -16
11 21
-1 5
9 10
77 11
29 -19
22 26
2 3
-5 -10
-15 -7
2 -2
25 29
-1 10
-28 -10
-16 -19
6 -5
-25 -8
-29 18
-24 -6
-15 -28
4 28
-11 12
-15 -12
17 -25
-30 5
12 -27
18 21
-18 -27
16 -20
28 -9
-16 -13
30 24
15 -2
16 14
9 -22
15 -18
1 7
-30 0
2 -15
-12 27
-3 -11
10 3
-17 -7
-13 -25
30 -24
13 -2
-30 18
-29 -17
-1 29
-18 11
2 -14
-25 -13
-1 -21
12 5
-2 -9
-29 30
-24 26
-30 24
20 -9
-28 12
-22 26
28 1
23 0
-5 16
-2 19
-8 -28
-3 29
-7 -5
11 -21
18 -21
1 15
14 2
17 -13
-1 -20
-27 -16
-9 -2
-13 1
0 10
-5 -22
22 1
-27 10
27 19
-23 7
19 -30
13 6
-14 -3
20 0
12 22
29 -20
-28 25
-26 -13
17 -16
-24 20
35 3
-11 1
18 -16
-2 25
5 19
11 4
10 28
2 -3
24 -14
-13 -23
-28 7
9 11
12 -29
18 7
-14 1
-7 1
16 15
2 -5
-12 15
30 -21
25 -30
6 2
-8 -1
4 9
-29 2
5 4
-5 2
-15 23
4 26
3 11
-30 -27
-24 5
28 -9
-29 -28
3 -12
-26 -4
2 5
5 15
0 7
32 3
-8 -28
26 -2
-14 10
1 -10
-16 -10
28 1
19 -14
-13 -22
-26 -4
-12 24
-20 2
12 19
3 1
16 -27
17 18
8 -10
-24 18
-3 13
-16 2
1 -28
-2 14
22 -22
-25 23
-21 15
-20 24
5 11
16 14
-18 -28
9 28
-12 -2
-8 27
17 -10
-19 24
-3 5
21 16
47 8
-17 14
-15 -30
-23 -17
-25 -22
26 -16
10 -6
12 27
-17 1
18 28
9 25
9 -20
17 -26
29 -25
-6 -10
-18 26
25 4
-25 16
9 8
-9 26
-25 -13
5 9
-21 -22
-12 16
23 14
27 9
-23 -19
-22 -11
22 8
-5 4
-10 -11
11 -9
-21 -13
7 25
-10 20
27 -7
-14 -10
10 -4
18 22
18 -10
-8 24
-29 -24
-30 7
24 3
22 16
-26 8
-26 -9
19 23
1 22
17 -13
-3 -26
28 -7
-26 0
-6 13
-7 -6
-2 7
45 10
-6 -11
-6 -3
-19 -30
27 -9
-29 -24
-14 -17
1 3
-2 -22
-30 9
4 28
25 10
-2 22
-4 4
5 -26
7 -29
-21 -3
14 24
24 -28
8 -11
13 -4
-22 -2
0 -26
-9 29
-7 -14
-17 16
-26 -24
23 -19
-25 8
12 7
-17 7
14 22
-1 24
12 -21
17 -21
-4 1
9 -14
16 2
-8 -12
5 -19
-27 -26
-28 5
-4 -23
-30 -9
29 -4
19 -14
-14 -21
-21 -16
1 21
-13 26
-28 10
-10 7
-3 -25
10 10
-2 10
17 15
64 10
-8 -17
-19 -4
-13 -2
-8 2
-3 26
-22 21
-18 12
21 -28
-7 9
5 18
-19 -26
-28 20
-24 -17
-14 -21
26 -6
5 -30
-29 -24
-23 -19
-20 -11
17 17
-25 17
14 28
-10 -4
-3 2
26 -10
2 26
16 14
5 -22
17 -29
20 15
21 26
7 28
-1 7
-3 -20
-29 -12
-20 -10
5 20
30 16
22 -3
4 -15
-28 -15
29 0
-24 -2
8 -17
-28 -7
22 -1
28 28
-4 6
-12 -8
-5 -4
-28 -2
12 -17
8 5
12 -4
-5 -22
12 -20
7 24
21 2
11 26
-22 -9
-3 3
-5 -18
-25 12
-27 -24
23 9
28 -11
29 6
29 -12
-16 17
-21 -1
6 1
-21 9
27 20
-26 19
74 9
8 28
-15 -12
-4 11
22 22
1 6
1 -26
0 -23
-26 -4
-9 9
-9 -8
16 3
-29 7
24 -4
-11 4
-27 -14
-3 23
3 3
9 13
3 12
23 -20
18 -9
-19 -13
15 -10
-9 -14
-2 26
12 11
10 27
-8 16
24 7
-30 -2
-25 13
-9 21
-1 30
21 -12
4 0
29 0
27 -17
9 0
-12 -7
-1 -26
25 -3
19 -30
-8 -7
9 18
16 30
15 8
20 25
20 -1
-9 22
15 -3
-9 25
21 23
4 3
-16 21
-5 25
-23 -25
-20 12
16 26
22 -10
-16 11
-26 -19
-2 -6
-3 -3
27 4
-8 8
14 26
22 29
-9 16
22 -20
7 18
11 -21
10 -7
4 15
-25 10
-22 16
4 -30
10 -29
6 -5
-23 -12
2 22
-16 19
11 17
13 -14
62 11
17 30
-27 21
21 0
-29 -26
13 -16
21 17
30 -8
-5 -5
30 -2
29 14
-26 2
-19 -27
6 -24
-10 24
-7 -30
11 17
-19 -2
-13 -16
-15 -7
-23 -28
11 -14
24 13
11 -5
-30 16
24 0
-25 -26
-21 -29
-4 23
28 -23
-13 4
-1 24
-28 -25
20 8
-5 4
13 10
18 7
-6 13
-1 17
-25 -29
-12 3
0 5
-20 -26
-24 28
10 9
30 4
-10 29
-30 13
-23 -19
6 7
29 13
15 -8
-20 4
-6 -27
14 -18
-30 -8
-13 -17
-3 18
-21 27
27 -4
7 9
8 12
-23 -25
20 24
-7 -1
13 13
-1 -17
3 5
27 -19
-13 7
-23 21
1 -12
-16 19
-2 25
69 8
7 -25
-25 -28
-17 -29
10 26
11 13
-22 -30
13 3
-30 -20
12 -12
2 16
0 5
19 8
3 -13
12 -9
24 13
-12 -16
3 -23
22 4
22 20
6 -15
11 15
-6 16
-2 -26
29 -17
20 -15
-29 14
-17 9
-1 -27
-30 -8
18 0
-19 -27
-5 -16
-24 11
20 25
18 23
-25 18
-25 21
-5 -14
-19 -20
4 -5
20 3
-15 -3
-10 20
6 16
-30 26
20 -5
28 -25
-1 -16
4 29
23 -7
20 -17
-25 -7
-8 22
4 -18
-11 -16
-3 -13
30 -11
-12 -3
13 -1
28 -4
-17 -27
-7 1
-26 -4
-5 19
-9 12
-7 -18
22 1
14 28
-8 3
-8 -13
29 22
-10 8
19 30
-9 24
-12 -30
-15 11
5 -15
46 4
14 11
24 -22
-2 16
-12 -14
-1 3
13 -6
5 -11
12 -13
14 -29
-5 30
-8 10
29 -4
0 24
-15 -18
0 -30
-11 -28
30 24
9 -9
25 -23
-6 -5
29 20
-7 23
28 -14
-8 4
17 7
23 -2
-27 -13
15 19
24 15
-14 -14
-15 -9
-4 -19
-30 -30
-15 19
11 -11
3 -2
22 -4
23 -7
-11 6
18 10
-11 11
29 -26
-6 0
-13 28
15 -11
-6 10
-23 25
27 14
-17 -29
16 23
46 4
-4 30
13 -3
-1 21
24 27
0 14
28 -15
13 10
30 2
-21 -27
-14 7
17 21
-2 1
11 -4
14 17
9 -17
0 -23
-8 15
-14 23
24 -19
11 -5
25 10
-21 -19
-19 -8
10 22
-4 -14
18 21
-10 12
7 6
1 -8
8 -28
15 17
9 7
-9 16
15 -29
-12 -22
24 17
2 25
9 -1
-7 18
27 13
-25 22
11 6
15 -16
28 -27
-11 28
-17 4
-15 -19
-11 -24
2 -22
0 8
88 8
-22 22
19 -12
-23 9
18 10
-8 2
21 -2
23 21
-25 20
5 25
-9 -16
9 9
-25 -30
-12 -26
-3 6
-29 -26
-14 26
-4 -16
-3 -2
-2 4
-5 27
-13 -4
-15 10
-3 30
-9 18
-22 -3
-26 18
-24 25
29 -24
-17 23
-24 17
-21 -4
-25 -1
-4 5
27 29
11 -3
-5 13
4 -13
26 4
24 -23
22 -19
-9 -22
0 25
2 -19
19 -26
-14 -10
13 29
2 -27
-1 4
-4 18
25 1
-15 29
4 -3
12 26
22 19
-24 23
-2 25
10 -25
28 -8
30 23
-11 17
14 2
-29 21
5 -7
-1 -1
-29 6
15 15
-25 25
-29 -21
21 29
-6 -4
-18 12
5 -6
12 -26
3 2
-10 -7
-4 -25
-27 -10
14 11
-7 -3
17 3
-22 25
17 4
22 24
24 4
-17 28
26 -7
-12 25
-18 -26
9 -3
15 -29
11 29
-26 -16
8 22
-20 -6
-14 -29
-14 29
